 row  col 
  9    0  
  14    0  
  45    0  
  19    1  
  1    2  
  45    2  
  95    2  
  34    3  
  82    3  
  92    3  
  60    4  
  16    5  
  20    5  
  63    5  
  74    5  
  14    6  
  57    6  
  68    6  
  94    7  
  5    8  
  61    8  
  23    9  
  62    9  
  67    9  
  51    10  
  93    10  
  95    10  
  56    11  
  2    12  
  17    12  
  29    12  
  34    12  
  52    12  
  92    12  
  95    12  
  14    13  
  32    13  
  60    14  
  47    15  
  57    15  
  93    15  
  24    16  
  5    17  
  29    17  
  50    17  
  53    17  
  59    17  
  9    18  
  15    18  
  22    18  
  28    18  
  34    18  
  66    18  
  25    19  
  74    19  
  14    20  
  24    20  
  44    20  
  64    20  
  24    21  
  11    22  
  55    22  
  81    23  
  1    24  
  13    24  
  29    24  
  93    24  
  43    25  
  50    25  
  54    25  
  91    25  
  93    25  
  64    26  
  71    27  
  59    28  
  84    28  
  13    29  
  33    29  
  4    30  
  28    30  
  93    30  
  36    31  
  76    31  
  93    31  
  46    32  
  82    32  
  38    33  
  80    33  
  5    34  
  11    34  
  18    35  
  99    35  
  7    36  
  23    37  
  34    38  
  57    38  
  84    38  
  14    40  
  18    40  
  47    40  
  80    40  
  82    40  
  84    40  
  44    41  
  64    41  
  85    41  
  95    41  
  24    42  
  67    42  
  46    44  
  99    44  
  4    45  
  25    45  
  33    45  
  80    45  
  99    45  
  3    46  
  30    46  
  68    47  
  81    47  
  18    48  
  21    48  
  34    48  
  49    48  
  51    49  
  68    49  
  70    50  
  13    51  
  40    51  
  55    51  
  71    51  
  99    51  
  26    52  
  64    52  
  21    53  
  48    53  
  65    54  
  73    54  
  96    54  
  8    55  
  51    55  
  87    55  
  98    55  
  67    56  
  10    57  
  28    57  
  68    57  
  50    58  
  65    58  
  24    59  
  70    59  
  81    59  
  62    60  
  12    61  
  18    61  
  31    61  
  97    61  
  7    62  
  68    62  
  40    63  
  8    64  
  52    64  
  25    66  
  80    66  
  26    67  
  46    67  
  3    68  
  52    68  
  92    68  
  11    69  
  16    69  
  35    69  
  22    70  
  29    70  
  7    71  
  18    71  
  30    71  
  6    73  
  2    74  
  69    74  
  0    75  
  18    75  
  97    75  
  34    76  
  48    76  
  52    76  
  96    76  
  11    77  
  56    77  
  63    77  
  71    77  
  76    77  
  80    77  
  79    78  
  92    78  
  14    79  
  23    79  
  85    79  
  38    80  
  67    80  
  75    80  
  43    81  
  45    81  
  64    81  
  84    81  
  27    82  
  12    83  
  13    84  
  59    84  
  61    84  
  70    84  
  92    84  
  48    85  
  53    85  
  69    85  
  36    86  
  42    86  
  96    86  
  74    87  
  81    87  
  29    88  
  34    88  
  86    90  
  10    91  
  22    91  
  29    91  
  44    91  
  80    91  
  67    92  
  72    92  
  97    92  
  37    93  
  57    93  
  63    93  
  67    94  
  1    95  
  2    96  
  13    96  
  72    96  
  76    96  
  26    97  
  58    97  
  6    98  
  29    98  
  52    98  
  66    98  
  4    99  
  66    99  
  83    99  
  65536    0  
